0.000000	-0.004363	-0.002618	-0.000873
0.004363	0.000000	0.000873	-0.002618
0.002618	-0.000873	0.000000	0.004363
0.000873	0.002618	-0.004363	0.000000
0.999987	-0.004363	-0.002618	-0.000873
0.004363	0.999987	0.000873	-0.002618
0.002618	-0.000873	0.999987	0.004363
0.000873	0.002618	-0.004363	0.999987
